44451364
415591227
44451364
44451364
775710275311767553
711080888394616833
3264119520
833147110270853120
3218542936
3169344529
66055648
20997312
3062019600
401530930
102001096
14839624
3226754948
59806607
365435239
833028195351879680
93420978
832829100020494336
14522416
723451762217238528
4589262262
2742428007
2608203605
818151475389960192
274794472
812255270193733632
21792393
824159740209090560
831491261240471552
47374533
828023783499837440
1625490806
183871276
2954441204
825776032066048001
832811641536339968
4904488038
1074352448
792177192801370112
832743216235499521
821540184055549956
18355065
801916488525430784
3028518597
705652852308324353
718162645883482116
3393914314
823965040923541504
21307830
816965613444796416
2872206061
356581952
3315807940
250716161
832601351213420544
1563493260
2581503423
831190210511851520
133027775
89432101
390134172
4925137150
808640054402772992
832496344128327680
168362719
2546791182
3404988045
14640592
279024336
1517033124
824288521858883584
599555663
594010125
22209201
1381317032
824403059908476930
355071148
1414089872
1448352542
825733422513582080
1460950916
750766285630246914
