3362373029
4873398609
611337279
719149672875446272
1546196599
70199468
780331576093618176
3476308874
19469940
791973759695683584
778613145031970820
787361566073188352
771737424254734336
785448504172814337
786174827551830016
785121771754102785
785105480301547521
3413467697
720503
718438963464302596
3664157662
740888820548308992
4660950458
743473771252637697
715358172995686400
3427140201
733729837840392192
2847307005
2936097834
736796087529406464
881776506
2199872430
3431017324
631136929
798018403
3438577882
250443508
714447843969392640
3187480303
3499595176
2329645693
2564107885
2302431766
733398803106029569
408228904
1229991798
719475656145379328
728647662392631296
1942368614
1337778433
723321137317339136
