236830509
1485705170
800145142183141376
232750924
14832949
4022007972
431694825
16932407
52827928
560062431
14434210
342265935
3309296577
722018384368369664
708189840106389505
441340979
39789794
132379447
2286997117
2558377789
3169529015
28032137
49072051
791498804524711936
2606364877
56534735
3225963045
90593924
3284444479
15384497
2864937484
1880949632
18264627
1855924586
242149350
41565432
703795037117648896
22174750
3301811274
14145654
19271005
758101298
139709754
14357513
53537150
3342786754
327237510
3971757317
257516905
2199002832
391301501
3382584279
24180232
4286507602
2231493558
249433650
758370024
1888536302
710263780689756161
758335325009620992
63452901
780116649840107520
