57899388
550210364
121766746
1418706446
196310151
375409533
268464838
2980516234
390406003
25799754
747083207649046529
3415603679
3319540526
2426285191
28484320
793587098653646848
769628643899297792
111325120
830948716290793472
2357024970
30808514
249812893
164379888
25370324
592441378
2379565945
3203322771
772799934433202176
3192372012
833826914066366465
1365374341
739477461587529728
80732965
179234970
1176701940
86302840
27335664
33665684
1223231402
3114096176
2247374653
94518178
793464144372592644
832978962020188161
15649806
737899531539484673
995946234
106449523
830984133732081666
2316083130
552281346
2616073078
431828343
2724697525
110557285
388579811
831025431906127872
2789269111
831483479456034816
775813941352071168
202652543
832774856731041793
3292007150
708126381079552000
31118335
2270116027
276660171
1146719540
344986625
770576315330158592
828033845022826499
22320969
129769397
16016841
4040990523
38822316
2946493840
545024493
233158693
753234956277706752
18440174
45234143
150945660
763196274795421697
741751070578204672
3123135189
595136381
297189103
1963768362
3051698513
4181035185
63820326
868486890
1618797188
166007994
807522611903299586
795293143277195265
4885865662
820524328529727489
4505449715
179695508
16183168
802948536669241344
91130349
712571395247587328
2230518343
1098401288
84852258
96237279
250354172
710180794225057792
822907328877957120
174160127
245265622
532408550
3160021141
54343507
733429897729691650
2241599408
2855893479
2796826709
751476057140711425
3298586738
816630511854436352
322099586
939872125
28779329
409541028
783594915536273408
3331992177
19975664
80701631
1904698092
3306055784
2400162732
821403919842689024
2852257632
106094015
4856326924
702140414
2860898992
781633544875601920
805184811388182528
587745889
1035510302
162635368
2893516148
4823800690
55208190
782929462539218944
14109513
2339446598
89527972
1162146121
26891683
4861274300
39088651
722233740139712512
13638292
1857118886
1127728380
27809379
4622401
4890004965
1180376772
599010282
118378408
25938220
2612735353
2426459868
216541856
2416033039
370632808
56675597
312553344
3423683747
3056685879
59171459
353173386
202359983
3072337623
331151606
360304976
795535184909176832
814146584799748097
814893218533937152
3160791901
430013951
154779279
