4794526404
813789428804161536
996286616
1953762900
537149186
772792522150215680
2746592984
71996398
1491133297
3214552121
2898765545
800831124
2921832533
825767281309388804
3285827526
69754043
250492260
152387373
710295413694181376
35820211
34059790
710163293692760064
1661937618
3280215024
3357314189
390570360
134716523
326426013
420684447
801032322858582020
909650948
223965179
632343130
3989310015
3955401796
712038836
3294178792
1039299356
2742829712
386027504
20831587
793055807957004288
775373445269970945
2698641510
777483221533650947
3497955796
2406187053
4660623148
756319576305102848
3176693829
743977194318233600
171167647
826738845593001984
35977992
2348566980
4869711969
786442162099490816
362151645
745082673912250368
25058110
309851551
