629090292
777221072131334144
470113769
829369458477113344
817671217545089024
821978630540640256
740649742451937281
792558718110031872
1003685682
435974167
360357404
1935274429
773912668054978560
326996840
442382279
1473307855
3295629345
1573438136
4496475867
221459479
3785468903
777254919157886976
821092473023987713
104465639
821290590671400960
764597860776022016
826435164410482692
3234099793
2450005339
1228325054
810881759047020545
761755742
777222006047662080
828262762921021441
2477726876
16050335
3192917686
761539653342232576
795758677428817920
804279419900727297
333853357
714020953680904193
363893310
2725855723
822471043436703746
62430187
848506699
798378634239209472
329999193
2429945334
1217308981
759732278532726784
4303121135
812508586374856704
815744734132060165
192596230
737598014341009413
195651051
4737881667
2190502783
2247983154
3402425746
814346886752636928
805968049312440320
79966494
705852089562505216
768645752046309376
3545867712
712079253081227265
803174644429815808
165508677
804577611368177664
3065950161
759033716962385920
965069406
383302042
3938664868
4799008621
3362373029
2396952985
721996353447047168
767287198630703104
2458019349
2400475976
776026984942100480
30197199
42316553
94455259
4873398609
748849741258039296
17059296
384998747
718775374939693056
169981696
719207914150486016
4425252231
611337279
2240922079
2485880970
719149672875446272
1546196599
70199468
780331576093618176
702102830723768320
29479373
541379526
3476308874
274102088
3173110941
19469940
791973759695683584
112171659
2522656780
778613145031970820
787361566073188352
771737424254734336
785448504172814337
786174827551830016
772344913199521792
1452341268
785121771754102785
785105480301547521
783988516308946944
2497610881
3022036179
3413467697
1027278271
720503
147683909
498112659
436132315
3146113551
10118912
718438963464302596
3664157662
740888820548308992
1051201459
4875868280
3221887652
4660950458
743473771252637697
728463193257873409
715358172995686400
3427140201
3952114875
730393411803439104
733729837840392192
2847307005
2936097834
4419057914
736796087529406464
881776506
837670914
3631211236
2199872430
738301310823456768
3431017324
708298225325834240
631136929
3147086466
118447616
798018403
320283876
3438577882
3817253056
250443508
4444888401
1543972213
505745985
719547970098737153
714447843969392640
299981154
3187480303
723162532454621186
3499595176
2329645693
712374728263008258
2564107885
1462987004
4871402812
3060693427
735984270662078464
735981770554941441
735978283855183872
735809338116300801
2851544440
21630362
2302431766
733398803106029569
408228904
11115112
1229991798
719475656145379328
728647662392631296
4471007901
1942368614
904748743
700698334332227585
1337778433
723321137317339136
