779575943136501761
810871071528353792
1366210964
2651517961
828637244596432896
713839656823959552
825908055187476481
597541241
51234276
3331401195
197704257
5288202
832442713
185750339
14344037
821650573934071808
826610580052131841
2251687075
811073
14492357
754057716176257025
825783643759116290
1858770798
744140978316054528
732481603327270912
2521822825
791987443394351104
814285052821590016
24436600
520259202
1471930998
14974379
821914076775325696
2583174044
216896954
66644243
99188590
485682760
3723124636
293718395
812426274983604226
816751225936945153
23941495
370330240
17693065
18361540
2805658813
138084196
604726920
799053012438237186
18145317
3047430395
716670575377268736
4217241627
516924691
2574755935
783282589805096960
111518195
26280475
748417289372897281
2828410319
325910616
494039919
289352032
809969333300502529
41044925
17967109
2938162967
2516216510
347527094
117098574
27426168
809079629550067712
2493173185
21781440
286897408
143449579
747148654226509828
2334206394
235014779
2790673840
31957852
799461459411529728
793603236686991360
3132089990
18636529
790661959897092097
780429861340930048
31266667
31525143
3236191936
19253056
447401446
771383573832171520
276240820
36802500
795935179558842368
778061601823821824
12512312
801744771962310656
